version https://git-lfs.github.com/spec/v1
oid sha256:9905531b721e1b0dca0b951519345544f87f8cbbfc9416c902327ee9b68ea574
size 6465
