version https://git-lfs.github.com/spec/v1
oid sha256:490a7d1d5805359adc4ff063d11f93d768cbf17ec3cb91741bddbfc591b09a9d
size 22855
