version https://git-lfs.github.com/spec/v1
oid sha256:0dd37c5f266bab48a9fbed4dfb9bf214d25711eee3be13e36e785612dd9bc9e3
size 14164
