version https://git-lfs.github.com/spec/v1
oid sha256:ceab40812482d1bae8b8f16c2402e359fd2bad6a223ef4d25114a082236fa0c4
size 1980
