version https://git-lfs.github.com/spec/v1
oid sha256:d514f91087be3a6bca43b230ab3f33a66906ae1ea618a473e18af042e34467de
size 20344
