version https://git-lfs.github.com/spec/v1
oid sha256:94e1b17c8c02b44eecf77e42ae967b5328b61a9b533af08e864e70a970f3bf2b
size 20327
